#       time                 Edot                  Edot
#       r =              5.000000            500.000000
   3.2000000     1.0704073886e-03      1.4851791118e-01
   6.4000000     8.9782849490e-04      1.2541463206e-01
   9.6000000     6.2925836186e-04      8.9345134046e-02
  12.8000000     3.3597090487e-04      4.3842724708e-02
  16.0000000     9.4321660229e-05     -6.5777101851e-03
  19.2000000    -4.5349675657e-05     -5.6872619448e-02

#       time                    rho
   3.2000000       6.5482770681e+03
   6.4000000       6.5483351372e+03
   9.6000000       6.5484877946e+03
  12.8000000       6.5487708280e+03
  16.0000000       6.5492072819e+03
  19.2000000       6.5498050318e+03
